766
756
759
759
754
754
759
753
757
752
743
750
741
746
739
749
738
742
739
727
732
730
725
725
723
720
720 
722
720
721
718
766
756
759
759
754
754
759
753
757
752
743
750
741
746
739
749
738
742
739
727
732
730
725
725
723
720
720 
722
720
721
718
766
756
759
759
754
754
759
753
757
752
743
750
741
746
739
749
738
742
739
727
732
730
725
725
723
720
720 
722
720
721
718
766
756
759
759
754
754
759
753
757
752
743
750
741
746
739
749
738
742
739
727
732
730
725
725
723
720
720 
722
720
721
718
766
756
759
759
754
754
759
753
757
752
743
750
741
746
739
749
738
742
739
727
732
730
725
725
723
720
720 
722
720
721
718