774
781
763
759
757
742
726
724
720
722
720
711
712
706
703
707
707
703
706
709
706
701
700
698
701
705
701
704
702
697
698
691
693
710
774
781
763
759
757
742
726
724
720
722
720
711
712
706
703
707
707
703
706
709
706
701
700
698
701
705
701
704
702
697
698
691
693
710
774
781
763
759
757
742
726
724
720
722
720
711
712
706
703
707
707
703
706
709
706
701
700
698
701
705
701
704
702
697
698
691
693
710
774
781
763
759
757
742
726
724
720
722
720
711
712
706
703
707
707
703
706
709
706
701
700
698
701
705
701
704
702
697
698
691
693
710