1057
1059
1053
1044
1044
1035
1023
1019
1010
1009
1008
1009
1007
1010
1007
1055
1058
1052
1045
1043
1036
1025
1020
1012
1010
1007
1008
1006
1009
1006
1057
1059
1053
1044
1044
1035
1023
1019
1010
1009
1008
1009
1007
1010
1007
1055
1058
1052
1045
1043
1036
1025
1020
1012
1010
1007
1008
1006
1009
1006
1057
1059
1053
1044
1044
1035
1023
1019
1010
1009
1008
1009
1007
1010
1007
1055
1058
1052
1045
1043
1036
1025
1020
1012
1010
1007
1008
1006
1009
1006
1057
1059
1053
1044
1044
1035
1023
1019
1010
1009
1008
1009
1007
1010
1007
1055
1058
1052
1045
1043
1036
1025
1020
1012
1010
1007
1008
1006
1009
1006
1057
1059
1053
1044
1044
1035
1023
1019
1010
1009
1008
1009
1007
1010
1007
1055
1058
1052
1045
1043
1036
1025
1020
1012
1010
1007
1008
1006
1009
1006